lr=0.00001
tc_loss: Loss:   0.00179 (  0.00214); d_loss: Loss:   0.00459 (  0.00789); ng_loss: Loss:   0.00154 (  0.00174)
14.412,   0.112,   0.048,   0.501,   0.083,   0.144,   0.875,   0.976,   0.994
tc_loss: Loss:   0.00205 (  0.00197); d_loss: Loss:   0.00531 (  0.00546); ng_loss: Loss:   0.00170 (  0.00166)
14.130,   0.109,   0.047,   0.495,   0.081,   0.141,   0.881,   0.976,   0.995
tc_loss: Loss:   0.00205 (  0.00193); d_loss: Loss:   0.00501 (  0.00476); ng_loss: Loss:   0.00171 (  0.00166)
14.034,   0.109,   0.047,   0.491,   0.080,   0.140,   0.882,   0.976,   0.995
tc_loss: Loss:   0.00164 (  0.00187); d_loss: Loss:   0.00354 (  0.00406); ng_loss: Loss:   0.00163 (  0.00163)
13.997,   0.108,   0.046,   0.491,   0.080,   0.140,   0.883,   0.977,   0.995
tc_loss: Loss:   0.00179 (  0.00184); d_loss: Loss:   0.00281 (  0.00378); ng_loss: Loss:   0.00151 (  0.00161)
13.924,   0.107,   0.046,   0.489,   0.079,   0.139,   0.884,   0.977,   0.995
tc_loss: Loss:   0.00185 (  0.00185); d_loss: Loss:   0.00306 (  0.00367); ng_loss: Loss:   0.00176 (  0.00161)
13.896,   0.107,   0.046,   0.489,   0.079,   0.139,   0.885,   0.977,   0.995
tc_loss: Loss:   0.00192 (  0.00179); d_loss: Loss:   0.00293 (  0.00355); ng_loss: Loss:   0.00167 (  0.00159)
13.827,   0.107,   0.046,   0.486,   0.079,   0.138,   0.886,   0.977,   0.995
tc_loss: Loss:   0.00172 (  0.00179); d_loss: Loss:   0.00309 (  0.00343); ng_loss: Loss:   0.00163 (  0.00158)
13.868,   0.107,   0.046,   0.488,   0.079,   0.139,   0.885,   0.977,   0.995
tc_loss: Loss:   0.00192 (  0.00182); d_loss: Loss:   0.00286 (  0.00352); ng_loss: Loss:   0.00150 (  0.00161)
13.876,   0.107,   0.046,   0.488,   0.079,   0.139,   0.885,   0.977,   0.995
tc_loss: Loss:   0.00171 (  0.00182); d_loss: Loss:   0.00256 (  0.00346); ng_loss: Loss:   0.00138 (  0.00161)
13.973,   0.108,   0.046,   0.492,   0.080,   0.140,   0.883,   0.976,   0.995


lr =0.00005
tc_loss: Loss:   0.00170 (  0.00191); d_loss: Loss:   0.00281 (  0.00612); ng_loss: Loss:   0.00143 (  0.00168)
14.383,   0.112,   0.048,   0.514,   0.087,   0.144,   0.874,   0.973,   0.994
tc_loss: Loss:   0.00175 (  0.00162); d_loss: Loss:   0.00314 (  0.00290); ng_loss: Loss:   0.00158 (  0.00155)
14.192,   0.110,   0.047,   0.509,   0.085,   0.142,   0.879,   0.974,   0.994
tc_loss: Loss:   0.00162 (  0.00150); d_loss: Loss:   0.00236 (  0.00218); ng_loss: Loss:   0.00158 (  0.00151)
14.005,   0.108,   0.047,   0.505,   0.084,   0.140,   0.881,   0.974,   0.994
tc_loss: Loss:   0.00130 (  0.00144); d_loss: Loss:   0.00163 (  0.00176); ng_loss: Loss:   0.00148 (  0.00147)
14.228,   0.110,   0.047,   0.515,   0.087,   0.142,   0.877,   0.973,   0.993